4.607908201990210273e+01
2.817728444327912030e+01
