2.497135803021751599e+01
2.285651641251064348e+01
