2.433893144420790122e+01
2.481984904706018824e+01
